Algorithme de Gauss-Newton
ndigits 9 
Vraie Jacobienne = 0
Methode diff finies = avants
------------------------------------------------------------------
         k     ||f'(beta)||   f(beta)      ||s||       exitflag 
------------------------------------------------------------------
            0   4.3698e+05   4.8070e+01

   1.0000e+00   1.9323e+04   1.1832e-01   5.0344e+00   4.0000e+00

   2.0000e+00   1.5261e+03   8.8710e-02   5.8554e-03   4.0000e+00

   3.0000e+00   1.2997e+02   8.8686e-02   2.9493e-03   4.0000e+00

   4.0000e+00   1.1086e+01   8.8672e-02   2.4318e-04   4.0000e+00

   5.0000e+00   9.4598e-01   8.8673e-02   2.0861e-05   4.0000e+00

   6.0000e+00   8.0720e-02   8.8673e-02   1.7793e-06   4.0000e+00

   7.0000e+00   6.8878e-03   8.8673e-02   1.5183e-07   2.0000e+00

   7.0000e+00   6.8878e-03   8.8673e-02   1.5183e-07   2.0000e+00

   7.0000e+00   6.8878e-03   8.8673e-02   1.5183e-07   2.0000e+00

   7.0000e+00   6.8878e-03   8.8673e-02   1.5183e-07   2.0000e+00

------------------------------------------------------------------
betak
  Columns 1 through 9

   1.0000e+01   1.5034e+01   1.5029e+01   1.5032e+01   1.5031e+01   1.5031e+01   1.5031e+01   1.5031e+01   1.5031e+01
   1.0000e-04   1.0727e-04   1.0426e-04   1.0454e-04   1.0451e-04   1.0451e-04   1.0451e-04   1.0451e-04   1.0451e-04

  Columns 10 through 11

   1.5031e+01   1.5031e+01
   1.0451e-04   1.0451e-04

Algorithme de Gauss-Newton
ndigits 9 
Vraie Jacobienne = 0
Methode diff finies = centrees
------------------------------------------------------------------
         k     ||f'(beta)||   f(beta)      ||s||       exitflag 
------------------------------------------------------------------
            0   4.6457e+05   4.8070e+01

   1.0000e+00   1.5692e+04   1.0439e-01   5.0208e+00   4.0000e+00

   2.0000e+00   5.4231e+01   8.8621e-02   3.8962e-03   4.0000e+00

   3.0000e+00   1.4478e+00   8.8622e-02   8.6458e-04   4.0000e+00

   4.0000e+00   2.5390e-02   8.8622e-02   1.1663e-05   4.0000e+00

   5.0000e+00   4.4587e-04   8.8622e-02   2.0506e-07   2.0000e+00

   5.0000e+00   4.4587e-04   8.8622e-02   2.0506e-07   2.0000e+00

   5.0000e+00   4.4587e-04   8.8622e-02   2.0506e-07   2.0000e+00

   5.0000e+00   4.4587e-04   8.8622e-02   2.0506e-07   2.0000e+00

   5.0000e+00   4.4587e-04   8.8622e-02   2.0506e-07   2.0000e+00

   5.0000e+00   4.4587e-04   8.8622e-02   2.0506e-07   2.0000e+00

------------------------------------------------------------------
betak
  Columns 1 through 9

   1.0000e+01   1.5021e+01   1.5025e+01   1.5024e+01   1.5024e+01   1.5024e+01   1.5024e+01   1.5024e+01   1.5024e+01
   1.0000e-04   1.0627e-04   1.0433e-04   1.0430e-04   1.0430e-04   1.0430e-04   1.0430e-04   1.0430e-04   1.0430e-04

  Columns 10 through 11

   1.5024e+01   1.5024e+01
   1.0430e-04   1.0430e-04

Algorithme de Gauss-Newton
ndigits 9 
Vraie Jacobienne = 0
Methode diff finies = centrees
------------------------------------------------------------------
         k     ||f'(beta)||   f(beta)      ||s||       exitflag 
------------------------------------------------------------------
            0   4.6457e+05   4.8070e+01

   1.0000e+00   1.5692e+04   1.0439e-01   5.0208e+00   4.0000e+00

   2.0000e+00   5.4231e+01   8.8621e-02   3.8962e-03   4.0000e+00

   3.0000e+00   1.4478e+00   8.8622e-02   8.6458e-04   4.0000e+00

   4.0000e+00   2.5390e-02   8.8622e-02   1.1663e-05   4.0000e+00

   5.0000e+00   4.4587e-04   8.8622e-02   2.0506e-07   2.0000e+00

   5.0000e+00   4.4587e-04   8.8622e-02   2.0506e-07   2.0000e+00

   5.0000e+00   4.4587e-04   8.8622e-02   2.0506e-07   2.0000e+00

   5.0000e+00   4.4587e-04   8.8622e-02   2.0506e-07   2.0000e+00

   5.0000e+00   4.4587e-04   8.8622e-02   2.0506e-07   2.0000e+00

   5.0000e+00   4.4587e-04   8.8622e-02   2.0506e-07   2.0000e+00

------------------------------------------------------------------
betak
  Columns 1 through 9

   1.0000e+01   1.5021e+01   1.5025e+01   1.5024e+01   1.5024e+01   1.5024e+01   1.5024e+01   1.5024e+01   1.5024e+01
   1.0000e-04   1.0627e-04   1.0433e-04   1.0430e-04   1.0430e-04   1.0430e-04   1.0430e-04   1.0430e-04   1.0430e-04

  Columns 10 through 11

   1.5024e+01   1.5024e+01
   1.0430e-04   1.0430e-04

Algorithme de Gauss-Newton
ndigits 9 
Vraie Jacobienne = 0
Methode diff finies = centrees
------------------------------------------------------------------
         k     ||f'(beta)||   f(beta)      ||s||       exitflag 
------------------------------------------------------------------
            0   4.6457e+05   4.8070e+01

   1.0000e+00   1.5692e+04   1.0439e-01   5.0208e+00   4.0000e+00

   2.0000e+00   5.4231e+01   8.8621e-02   3.8962e-03   4.0000e+00

   3.0000e+00   1.4478e+00   8.8622e-02   8.6458e-04   4.0000e+00

   4.0000e+00   2.5390e-02   8.8622e-02   1.1663e-05   4.0000e+00

   5.0000e+00   4.4587e-04   8.8622e-02   2.0506e-07   2.0000e+00

   5.0000e+00   4.4587e-04   8.8622e-02   2.0506e-07   2.0000e+00

   5.0000e+00   4.4587e-04   8.8622e-02   2.0506e-07   2.0000e+00

   5.0000e+00   4.4587e-04   8.8622e-02   2.0506e-07   2.0000e+00

   5.0000e+00   4.4587e-04   8.8622e-02   2.0506e-07   2.0000e+00

   5.0000e+00   4.4587e-04   8.8622e-02   2.0506e-07   2.0000e+00

------------------------------------------------------------------
betak
  Columns 1 through 9

   1.0000e+01   1.5021e+01   1.5025e+01   1.5024e+01   1.5024e+01   1.5024e+01   1.5024e+01   1.5024e+01   1.5024e+01
   1.0000e-04   1.0627e-04   1.0433e-04   1.0430e-04   1.0430e-04   1.0430e-04   1.0430e-04   1.0430e-04   1.0430e-04

  Columns 10 through 11

   1.5024e+01   1.5024e+01
   1.0430e-04   1.0430e-04

Algorithme de Gauss-Newton
ndigits 9 
Vraie Jacobienne = 0
Methode diff finies = centrees
------------------------------------------------------------------
         k     ||f'(beta)||   f(beta)      ||s||       exitflag 
------------------------------------------------------------------
            0   4.6457e+05   4.8070e+01

   1.0000e+00   1.5692e+04   1.0439e-01   5.0208e+00   4.0000e+00

   2.0000e+00   5.4231e+01   8.8621e-02   3.8962e-03   4.0000e+00

   3.0000e+00   1.4478e+00   8.8622e-02   8.6458e-04   4.0000e+00

   4.0000e+00   2.5390e-02   8.8622e-02   1.1663e-05   4.0000e+00

   5.0000e+00   4.4587e-04   8.8622e-02   2.0506e-07   2.0000e+00

   5.0000e+00   4.4587e-04   8.8622e-02   2.0506e-07   2.0000e+00

   5.0000e+00   4.4587e-04   8.8622e-02   2.0506e-07   2.0000e+00

   5.0000e+00   4.4587e-04   8.8622e-02   2.0506e-07   2.0000e+00

   5.0000e+00   4.4587e-04   8.8622e-02   2.0506e-07   2.0000e+00

   5.0000e+00   4.4587e-04   8.8622e-02   2.0506e-07   2.0000e+00

------------------------------------------------------------------
betak
  Columns 1 through 9

   1.0000e+01   1.5021e+01   1.5025e+01   1.5024e+01   1.5024e+01   1.5024e+01   1.5024e+01   1.5024e+01   1.5024e+01
   1.0000e-04   1.0627e-04   1.0433e-04   1.0430e-04   1.0430e-04   1.0430e-04   1.0430e-04   1.0430e-04   1.0430e-04

  Columns 10 through 11

   1.5024e+01   1.5024e+01
   1.0430e-04   1.0430e-04

